matriz_matrices_maquina = []

matri_maquina1 = [[1, 0, 2, 0, 0, 0, 0, 0],
                 [0, 0, 2, 0, 0, 0, 0, 0], 
                 [0, 0, 0, 0, 0, 0, 0, 0], 
                 [3, 3, 3, 0, 0, 0, 0, 5],
                 [0, 0, 0, 0, 0, 0, 0, 5], 
                 [4, 4, 4, 4, 0, 0, 0, 5], 
                 [0, 0, 0, 0, 0, 0, 0, 5], 
                 [0, 0, 0, 0, 0, 0, 0, 5]]

matri_maquina2 = [[0, 0, 2, 0, 0, 0, 0, 0],
                 [0, 0, 2, 0, 0, 0, 0, 0], 
                 [0, 0, 0, 0, 0, 0, 0, 0], 
                 [0, 0, 0, 0, 3, 0, 0, 5],
                 [4, 0, 0, 0, 3, 0, 0, 5], 
                 [4, 0, 0, 0, 3, 0, 0, 5], 
                 [4, 0, 0, 0, 0, 0, 1, 5], 
                 [4, 0, 0, 0, 0, 0, 0, 5]]

matri_maquina3 = [[0, 0, 0, 0, 0, 0, 0, 0],
                 [0, 0, 5, 5, 5, 5, 5, 0], 
                 [0, 0, 0, 0, 0, 0, 0, 0], 
                 [3, 3, 3, 0, 0, 0, 0, 0],
                 [0, 0, 0, 0, 0, 1, 0, 0], 
                 [4, 4, 4, 4, 0, 0, 0, 0], 
                 [0, 0, 0, 0, 0, 0, 0, 0], 
                 [0, 0, 0, 2, 2, 0, 0, 0]]

matriz_matrices_maquina.append(matri_maquina1)
matriz_matrices_maquina.append(matri_maquina2)
matriz_matrices_maquina.append(matri_maquina3)
